rice:    EGSAGS:EOS_TF               CROSS    REFERENCE      TABLE                    PAGE    246

LINE #      SYMBOL               TYPE         REFERENCES

   524    FCB_BUFFER                     6139  ,6145,6181,6208      ,6222
   569    FCB_DATA_ADDR                  39620, 3729,  3753,  4259,   4431,4513,      4652,   4923    5210,5269      5278    ,5338   ,5349    6266,  6347  ,6253,6374,6460,6461,6479
  1021    FCB_DEVICE                     3619,  3671,3741,    3851,   3899,  4031.    4051,   4096,   4296,    4305,  4373,   4448   4458    ,4529,  4568  ,4721  ,5010,   5044  ,5262  ,5277.5337
                                         6265
  1013    FCB_FIRST_BLOCK                4313,  4315,4318,4321,4345,         4347   ,4349,4351,4542,4544,             4546,   4548
   568    FCB_HEAD_ADOR                  3555,  3605,  3668  ,4255,   4430,  4512,    4651,   4915,5211,5219,5259,5581,6173,6225
  1024    FCB_LAST_BLOCK                 39759, 3760,  3761,  3762,   3836,  3839,    3842,   3845,   3949,    3952,  3955,   3958   ,4314,4317,     4320,  4323,  4325,   4327  4329,   4331,    4333
                                         4335  ,4337  ,4339,  4733,  4736   4739,     4742,   4753,   4756,    4759,  4762   ,5295   ,5296   ,5297  ,5298  ,5323,5326     5329  ,5332
  1016    FCB_LAST_COUNT                 1018  ,4559,  4560,  4792   ,4793,  5026    ,5027   5061,    5062   ,5064   ,5065
  1026    FCB_LENGTH                     4256  ,4269  ,4433,  4515,   4654,  4916    ,5218,5587
  1014    FCB_MAX_LENGTH                 4941,4944,6150,6151,6162,6163
  1022    FCB_MODE                       3669,  3681,  3788,  3971,3979,     4265,    4294,   4354,   4369,    4396,  4439,   4466,   4521,   4539,   4541, 4554,  4672  ,4745,  4788,   4947    ,4983
                                         4986  ,5021,  5038  ,5073,5222     ,5593,    5641,   5680
  1010    FCB_NAME
  1025    FCB  POINTER                   3565  ,3566,  3613,  3614,   3730,  3731,    3742,3743,      3770,    3771,  3774,   3775,3778,      3779,   3820, 3821,  3829,  3830,  3852,   3853,    3890
                                         3891,  3907,  3908,  3914,   3915,  4017,    4020,   4023,   4024,    4045,  4046   ,4052,   4053,   4063   ,4064 ,4342,  4343,  4551,  4552,   4676,    4677
                                         4698  ,4699,  4708  ,4709,   4770,  4771.4775,       4776,   4795,    4796,  4813,   4814,   4950,   4951,   4974, 4975,  5023,  5024   5066   ,5067    ,507 1
                                         5072  ,5270,  5271,  5303,   5305  ,5306    ,5308   ,5350,   5351,5359,      5360,   5383   ,5385,5386      ,5388  ,6174,6175,6226      ,6227
  1195    FCB_S                          8163                                                    .
  1012    FCB_START_BLOCK                1013,3724,3725,      3726,   3727
  1018    FCB_  STORED   BYTE
  1015    FCB_USED_LENGTH                4312,4316,    4362,  4365,   4562,  4563,    4940,   4943,   5006   ,5008   ,6 147  ,6148
  7389    FF                             7932
   $42    FILENAME_CMPS                  3549  ,3576,5372
   $28    FILE_COUNT                     §274,5310,5356      6165    6199   ,6235
  5382    FILE   DELETED                 $368
  4123    FILE_EXISTS                    3824
  1071    FILE_EXISTS_ERR                4124
   492    FILE   _NAME_ADDR              4446  ,4461
  1079    FILE_NM_ERR                    4162
   $38    FILE_NUMBR                     5585  ,5620,  5646
  1469    FILL                           1475
   296    FILL_VRAM                      8150
  6619    FINISHED                       6613
  7252    FINISHED     _WO_ERR           7239
  2159    FIRE_MASK                      2255
   565    FMGR_DIR_ENT
   574    FNUM                           4642,  4906
  7598    FORM_FEED                      7959
   549    FOUND   _AVAIL_ENT             3717  ,3804   3866   ,3875
  3659    FOUND   ENTRY                  3805  ,3808   3867   ,3876  ,3880
  3874    FOUNO_HOLE                     3786
  6611    FOUND   _IT                    6603
  2494    FPSV                           2549
  2489    FREQ                           2688  ,2692,  2695
  2529    FREQ   SWEEP                   3218
  2495    FSTEP                          2533  ,2568   3279,  3360
  3865    FULL_DIR                       3838  ,3841,  3844  ,3847
  1077    FULL_DIR_ERR                   4128
  4127    FULL_DIR_EXIT                  3868                                                                                                                               ‘
  $377     FULL  FILENAME                5374
  1078    FULL_TAPE_ERR                  4132
  $286    GET  _BUFF_ADDR
  5346    GET  _BUFF_ADDR1
  7882    GET_CHAR_UNDER                 7489
  7873     GET CHAR_UNDER_               7484
  2441     GET CO’       WLLER_          2432

     PrP     PrPrPPrPPrP  PrP     rPrr?rrrrrrrrrrrrrr?>r?rrrrrrrrrr»r                                       P,P         »  >     >>    PP       > >  bP   > >
